229
9
143
163
65
46
199
173
41
131
122
64
122
104
125
162
7
211
22
127
151
206
169
160
167
148
48
232
23
242
154
52
211
47
171
22
161
15
221
172
191
77
95
23
241
241
111
84
164
206
174
253
105
109
157
162
102
64
141
238
172
37
200
14
69
42
216
103
70
63
14
129
113
176
32
251
226
187
4
68
71
201
132
195
36
78
236
65
63
54
149
44
122
55
4
89
4
156
247
67
2
58
79
47
243
222
7
248
164
91
144
93
88
192
3
201
1
227
188
92
61
67
64
117
141
51
80
39
188
107
62
247
130
211
83
248
195
2
193
125
113
0
87
171
35
175
11
179
125
16
114
101
8
60
114
68
43
5
247
185
166
164
79
14
219
116
27
99
211
132
47
111
17
244
143
166
162
134
182
233
238
127
199
2
135
57
170
216
255
135
60
6
59
232
127
94
130
117
55
162
199
2
159
219
59
92
104
244
70
238
219
130
218
54
217
251
36
18
55
129
64
245
35
218
70
90
237
48
191
75
224
34
132
237
230
96
12
199
217
192
108
85
156
78
203
165
228
238
145
196
170
130
114
69
18
130
228
68
10
233
55
151
231
2
191
228
61
183
68
145
14
6
223
67
160
3
141
44
54
248
107
29
78
191
206
182
250
52
75
235
130
76
177
4
140
230
97
251
134
237
105
237
161
11
244
11
75
166
74
106
175
43
148
189
195
187
245
220
156
183
111
192
223
151
126
254
148
245
234
238
239
11
105
110
170
195
162
177
115
95
237
47
61
156
21
151
65
7
244
162
177
41
247
194
252
36
81
201
200
192
170
15
70
204
142
171
219
193
73
35
98
169
12
5
247
63
158
219
109
226
218
46
56
43
138
93
191
73
163
26
74
203
10
253
90
136
162
242
217
7
0
212
87
162
196
10
226
187
233
178
92
90
81
255
185
138
50
193
230
12
225
245
252
22
182
178
223
253
98
174
120
190
108
34
252
59
234
228
135
167
24
25
184
139
106
156
1
131
146
39
55
213
178
65
108
141
242
11
190
210
63
199
202
87
128
131
152
59
100
161
43
245
182
157
251
206
161
26
91
34
189
3
91
161
147
180
111
244
107
57
124
12
23
145
96
250
95
245
105
138
170
221
158
120
78
132
215
133
248
190
94
78
65
202
182
2
12
132
81
9
170
238
20
218
230
132
204
74
225
146
176
183
92
43
23
140
77
37
25
216
183
127
209
9
247
220
74
140
57
51
107
223
56
69
32
155
39
223
237
214
120
80
152
200
50
55
80
76
139
89
76
59
18
147
103
127
208
67
128
165
43
192
232
91
123
89
134
64
73
92
172
123
170
122
21
193
51
158
221
209
251
193
161
205
19
171
9
243
215
51
126
204
158
128
148
9
99
233
249
186
108
34
229
203
111
46
131
33
229
67
122
83
12
23
10
72
72
20
11
134
183
69
23
177
195
206
106
5
74
219
187
147
74
111
110
195
246
125
245
21
108
153
62
126
49
85
5
148
126
125
58
61
238
145
236
96
123
81
55
237
92
65
140
92
175
238
19
223
155
88
192
179
173
175
92
183
140
226
79
46
81
114
108
180
210
123
46
30
161
230
61
130
33
118
239
157
228
204
124
29
204
150
17
221
233
136
54
130
33
131
215
74
211
226
48
85
30
230
29
176
13
241
61
171
24
157
226
154
208
234
42
87
6
92
117
205
128
241
53
168
60
83
115
204
219
38
113
48
12
82
76
169
172
107
156
112
112
1
251
96
125
11
225
30
138
66
43
36
137
119
42
71
152
102
29
179
26
174
210
151
116
109
132
156
212
48
54
58
128
150
246
66
112
154
176
82
23
191
170
241
83
106
132
46
251
56
212
197
148
128
85
242
139
97
148
18
242
162
228
160
125
139
184
183
68
176
230
52
245
57
180
169
20
220
56
170
1
219
159
93
212
25
108
179
204
156
41
134
73
180
24
219
74
182
61
59
151
22
228
210
238
184
51
158
104
157
181
219
255
72
162
72
26
232
63
200
93
54
96
44
119
149
129
222
47
70
239
30
43
112
255
139
168
97
155
56
107
226
74
145
103
26
224
186
3
243
25
41
227
245
3
9
95
86
3
144
171
48
5
181
68
152
207
239
77
92
89
193
17
212
245
0
242
150
102
72
153
206
145
189
232
105
238
121
31
39
14
150
116
79
202
66
200
75
71
32
99
234
242
30
64
118
36
236
169
20
235
33
63
98
31
219
201
81
155
49
215
45
116
241
161
223
153
152
10
40
88
246
81
120
13
133
198
196
29
3
187
168
81
226
42
110
185
35
158
88
167
64
69
65
9
139
221
119
19
255
217
233
169
84
163
212
18
149
184
56
117
58
151
59
251
214
150
204
93
37
118
20
87
1
180
151
238
164
147
58
222
225
1
145
134
101
94
48
238
226
242
113
233
40
26
140
34
58
231
181
83
143
153
44
200
183
177
137
62
116
71
111
70
42
216
182
118
156
27
26
63
232
103
202
123
153
231
52
94
75
186
151
163
51
64
124
242
176
100
107
255
126
150
233
138
158
104
231
214
226
82
47
36
244
122
8
185
163
231
160
135
90
242
42
98
192
244
81
11
155
22
232
210
112
200
121
72
121
195
241
241
193
241
169
227
228
19
85
115
76
150
45
206
221
134
42
146
243
9
137
180
158
49
16
230
105
192
99
143
147
231
223
199
39
219
212
109
155
179
70
33
91
179
9
209
161
151
81
46
235
226
164
156
60
132
157
11
206
44
220
31
84
97
216
48
140
98
70
72
222
172
167
178
88
245
0
16
109
197
105
244
132
82
75
26
86
74
144
97
168
61
217
135
8
40
170
244
176
86
101
134
210
243
239
43
79
164
83
16
79
252
65
58
144
67
11
119
156
77
234
182
180
16
67
133
227
20
183
118
160
212
89
33
26
99
38
244
69
142
104
61
19
191
214
111
34
186
242
151
64
168
95
237
241
221
232
16
153
168
72
5
115
138
114
174
102
222
179
52
8
191
2
9
170
52
73
110
110
81
229
158
211
135
50
119
216
249
67
155
224
117
69
207
235
116
126
61
53
121
155
128
102
0
54
207
90
180
31
145
19
18
12
243
141
36
102
73
238
211
220
156
222
228
120
30
217
12
194
104
208
154
179
241
54
183
175
249
194
10
20
180
170
186
27
3
179
4
171
214
239
47
133
243
30
9
163
154
27
209
221
79
77
17
203
161
224
29
20
148
170
71
152
102
147
171
1
227
59
24
129
23
228
100
34
249
92
251
36
59
69
8
34
106
198
206
194
149
40
208
235
70
223
255
76
228
165
165
196
177
108
73
60
197
252
215
233
110
218
235
59
190
170
88
185
242
48
109
225
20
23
236
22
55
41
251
112
122
23
96
160
239
72
83
215
22
244
140
70
170
57
96
127
36
130
22
75
230
138
191
133
160
251
89
86
27
17
229
191
137
80
75
77
255
172
134
84
123
14
192
6
189
221
106
136
97
75
80
150
73
162
21
85
106
50
95
255
144
134
205
76
26
90
178
39
44
70
73
108
5
238
130
42
185
221
249
27
108
14
111
5
45
164
182
121
209
6
95
78
97
101
199
140
242
139
151
56
111
115
46
177
171
186
87
77
187
29
131
11
175
70
104
94
12
104
135
73
68
110
224
203
5
158
202
123
205
73
183
123
7
187
169
199
240
240
203
95
77
90
2
190
26
147
207
86
14
255
153
79
228
243
239
74
25
238
207
217
97
124
165
78
98
191
208
251
103
177
242
89
95
222
116
101
114
55
5
3
215
224
167
186
13
241
93
209
90
122
147
66
176
188
144
214
225
187
192
231
241
108
128
108
153
227
79
0
144
218
80
58
42
229
170
180
45
115
157
127
113
122
3
12
57
88
223
168
125
73
127
212
18
198
76
137
35
208
80
241
50
241
145
17
242
92
42
217
42
232
23
137
190
66
170
23
207
2
60
234
188
241
105
33
64
78
230
192
119
75
215
236
38
192
125
193
136
105
245
136
254
14
113
160
241
182
40
27
234
30
187
132
20
172
236
137
38
184
47
5
228
139
52
81
124
254
100
65
11
138
100
48
44
82
229
73
224
189
254
161
250
220
60
82
170
143
46
170
141
170
124
60
71
210
177
200
22
19
93
42
143
71
2
132
234
95
157
145
128
86
100
156
156
177
236
9
233
152
200
74
47
134
99
194
235
128
38
162
225
107
76
194
220
98
213
194
116
138
48
245
98
150
10
220
235
141
138
130
77
166
110
106
19
187
83
198
119
175
153
146
241
151
233
113
166
26
109
132
120
22
146
124
71
87
127
52
123
73
140
49
27
14
71
245
79
252
74
191
216
249
54
174
15
74
245
178
46
122
159
61
108
31
88
222
228
19
255
192
4
136
146
103
68
166
172
40
90
45
255
9
227
33
25
87
207
24
225
223
21
100
112
111
86
215
159
88
146
215
213
101
240
135
24
134
28
216
159
68
166
214
130
113
51
243
236
131
84
0
187
232
165
165
69
210
204
247
214
201
132
229
164
71
234
34
107
189
62
40
13
135
192
3
226
99
147
168
140
7
31
37
159
174
174
72
84
101
176
241
160
235
52
182
186
176
191
98
8
114
103
96
158
132
169
247
49
85
86
62
1
252
112
251
206
107
160
226
166
101
219
114
244
225
225
50
188
224
38
61
63
192
174
55
125
13
21
152
118
93
100
215
248
47
146
65
117
181
33
70
186
83
59
94
11
19
101
182
9
227
170
171
30
95
119
183
73
105
179
161
47
49
64
210
161
52
221
152
190
14
28
194
143
42
180
148
4
21
160
249
9
89
67
114
104
77
105
203
148
136
25
89
19
100
65
58
68
239
169
155
217
111
204
139
82
227
65
230
153
3
137
78
240
30
239
27
155
87
220
9
111
50
162
156
125
88
218
225
44
118
153
253
252
160
62
231
26
100
70
70
137
119
93
70
149
5
151
47
104
12
190
98
127
187
219
224
62
123
185
223
240
160
33
11
64
135
134
173
13
233
237
179
140
16
216
234
128
239
32
183
128
82
132
237
253
253
189
98
194
45
165
93
111
128
20
54
189
6
147
149
187
196
248
235
103
100
111
110
118
31
115
134
242
73
19
231
213
102
132
154
12
0
178
24
204
199
253
40
91
195
81
118
62
148
200
185
158
109
210
13
38
31
125
242
204
55
135
98
221
139
176
63
93
61
80
124
4
197
166
68
70
232
174
99
29
206
218
96
18
11
237
190
221
212
95
58
124
71
60
115
56
50
67
156
191
16
141
76
235
93
236
34
165
66
45
67
116
191
246
56
77
91
26
228
135
253
68
170
55
82
131
202
160
70
30
235
149
108
157
136
132
210
162
132
64
1
218
254
58
20
40
247
74
93
108
25
52
199
124
132
232
69
222
160
237
212
60
238
221
165
243
75
53
100
73
219
124
78
144
6
77
138
163
123
21
156
20
84
188
94
11
195
195
97
20
59
34
59
157
206
158
59
143
81
44
50
76
130
71
90
15
81
31
168
95
106
11
104
182
6
186
179
52
200
45
206
145
226
141
86
82
92
203
51
72
69
39
39
37
205
180
60
53
190
189
26
48
174
